,Lat ,Long,Cluster,Distance(km),Store-Lat,Store-Lng
0,32.549009,-83.156737,2,0.9410443139231826,32.556799690909095,-83.1527655
1,32.553748,-83.167706,2,1.4434336341928407,32.556799690909095,-83.1527655
2,32.553282,-83.155563,2,0.47032973985489895,32.556799690909095,-83.1527655
3,32.552286,-83.153496,2,0.5052328507711644,32.556799690909095,-83.1527655
4,32.553519,-83.154454,2,0.3968773028315287,32.556799690909095,-83.1527655
5,32.554932,-83.156428,2,0.40152092521213567,32.556799690909095,-83.1527655
6,32.555271,-83.156282,2,0.3712326918776781,32.556799690909095,-83.1527655
7,32.549066,-83.175159,4,1.4031678653563917,32.5429105,-83.1882106875
8,32.548762,-83.17537,4,1.3695966454610125,32.5429105,-83.1882106875
9,32.55459,-83.154378,2,0.2880684227563201,32.556799690909095,-83.1527655
10,32.554581,-83.17057,2,1.6901819901599122,32.556799690909095,-83.1527655
11,32.554938,-83.153859,2,0.23058843124740544,32.556799690909095,-83.1527655
12,32.554404,-83.151626,2,0.2864193407096052,32.556799690909095,-83.1527655
13,32.554716,-83.151984,2,0.2424509772141228,32.556799690909095,-83.1527655
14,32.555014,-83.152316,2,0.20247697580815707,32.556799690909095,-83.1527655
15,32.555603,-83.170943,2,1.7123496205830426,32.556799690909095,-83.1527655
16,32.555316,-83.152654,2,0.16486916248548977,32.556799690909095,-83.1527655
17,32.556961,-83.15399,2,0.1163850316490196,32.556799690909095,-83.1527655
18,32.555405,-83.15113,2,0.21798107485543036,32.556799690909095,-83.1527655
19,32.555704,-83.151467,2,0.17215334484668043,32.556799690909095,-83.1527655
20,32.556844,-83.15343,2,0.06260140309785345,32.556799690909095,-83.1527655
21,32.55892,-83.158929,2,0.6247889012945569,32.556799690909095,-83.1527655
22,32.557857,-83.154898,2,0.23207625767323453,32.556799690909095,-83.1527655
23,32.53251,-83.172911,4,1.8427869555230794,32.5429105,-83.1882106875
24,32.557109,-83.153101,2,0.04657701208242956,32.556799690909095,-83.1527655
25,32.55475,-83.149302,2,0.3968361280801077,32.556799690909095,-83.1527655
26,32.557516,-83.153753,2,0.12211240027075801,32.556799690909095,-83.1527655
27,32.555148,-83.149743,2,0.3378335926092226,32.556799690909095,-83.1527655
28,32.555543,-83.150182,2,0.2798126806121472,32.556799690909095,-83.1527655
29,32.555805,-83.150468,2,0.24233762231725148,32.556799690909095,-83.1527655
30,32.556062,-83.150753,2,0.20595447442366735,32.556799690909095,-83.1527655
31,32.559442,-83.162675,2,0.9757031816712505,32.556799690909095,-83.1527655
32,32.556862,-83.172196,2,1.8248792652430375,32.556799690909095,-83.1527655
33,32.551047,-83.145685,2,0.9215294574353223,32.556799690909095,-83.1527655
34,32.557432,-83.152803,2,0.07020932153348083,32.556799690909095,-83.1527655
35,32.559436,-83.159335,2,0.682745219102689,32.556799690909095,-83.1527655
36,32.532545,-83.174056,4,1.7576474025559752,32.5429105,-83.1882106875
37,32.555204,-83.148958,2,0.3989831605695488,32.556799690909095,-83.1527655
38,32.558541,-83.154717,2,0.2662342297641554,32.556799690909095,-83.1527655
39,32.554146,-83.147547,2,0.5716799200708418,32.556799690909095,-83.1527655
40,32.555964,-83.14961,2,0.31051098148417605,32.556799690909095,-83.1527655
41,32.557675,-83.152425,2,0.10220077032553974,32.556799690909095,-83.1527655
42,32.557675,-83.152425,2,0.10220077032553974,32.556799690909095,-83.1527655
43,32.55533,-83.148627,2,0.42146989900977727,32.556799690909095,-83.1527655
44,32.558401,-83.170567,2,1.681264655830168,32.556799690909095,-83.1527655
45,32.555384,-83.175498,2,1.8273412241337514,32.5429105,-83.1882106875
46,32.558246,-83.15304,2,0.16244943809754916,32.556799690909095,-83.1527655
47,32.550854,-83.144685,2,1.005346026029072,32.556799690909095,-83.1527655
48,32.559583,-83.15668,2,0.48002728500166214,32.556799690909095,-83.1527655
49,32.55852,-83.15333,2,0.1980059405133879,32.556799690909095,-83.1527655
50,32.548384,-83.143495,2,1.2763699588001394,32.556799690909095,-83.1527655
51,32.552026,-83.145152,2,0.8896974438873634,32.556799690909095,-83.1527655
52,32.557855,-83.172501,2,1.8571918223072799,32.556799690909095,-83.1527655
53,32.557944,-83.172395,2,1.847907132435791,32.556799690909095,-83.1527655
54,32.554386,-83.146804,2,0.6205904578829889,32.556799690909095,-83.1527655
55,32.55965,-83.155779,2,0.42427694661677495,32.556799690909095,-83.1527655
56,32.548543,-83.143152,2,1.285945416049276,32.556799690909095,-83.1527655
57,32.558231,-83.151833,2,0.18128481807296007,32.556799690909095,-83.1527655
58,32.558827,-83.152766,2,0.22482172584547472,32.556799690909095,-83.1527655
59,32.545698,-83.142335,1,1.5733570598582458,32.556799690909095,-83.1527655
60,32.553352,-83.145374,2,0.7925294934679796,32.556799690909095,-83.1527655
61,32.559889,-83.155326,2,0.41856589520753473,32.556799690909095,-83.1527655
62,32.559646,-83.154584,2,0.3588878455235415,32.556799690909095,-83.1527655
63,32.559499,-83.15418,2,0.3274975652527962,32.556799690909095,-83.1527655
64,32.559722,-83.154786,2,0.37554229785529464,32.556799690909095,-83.1527655
65,32.547674,-83.142592,2,1.3918248555528498,32.556799690909095,-83.1527655
66,32.559038,-83.152822,2,0.2482776217974383,32.556799690909095,-83.1527655
67,32.555922,-83.14762,2,0.4929601125467276,32.556799690909095,-83.1527655
68,32.558962,-83.152384,2,0.24245473640334184,32.556799690909095,-83.1527655
69,32.561317,-83.16376,2,1.1476577454154628,32.556799690909095,-83.1527655
70,32.558686,-83.151127,2,0.25968884687542976,32.556799690909095,-83.1527655
71,32.550033,-83.142736,2,1.2043400092281986,32.556799690909095,-83.1527655
72,32.560114,-83.154076,2,0.3876051436788783,32.556799690909095,-83.1527655
73,32.561615,-83.161947,2,1.0142424204471785,32.556799690909095,-83.1527655
74,32.556896,-83.147751,2,0.4710708738303082,32.556799690909095,-83.1527655
75,32.55635,-83.147097,2,0.5347041073189095,32.556799690909095,-83.1527655
76,32.561505,-83.163294,2,1.1180234160679405,32.556799690909095,-83.1527655
77,32.561742,-83.162696,2,1.0817506730051487,32.556799690909095,-83.1527655
78,32.561611,-83.166486,2,1.3946605094065978,32.556799690909095,-83.1527655
79,32.561359,-83.156268,2,0.6031947594760592,32.556799690909095,-83.1527655
80,32.555625,-83.178345,2,1.6872289194475725,32.5429105,-83.1882106875
81,32.561218,-83.154881,2,0.5287239615192509,32.556799690909095,-83.1527655
82,32.561512,-83.15621,2,0.6146018394870957,32.556799690909095,-83.1527655
83,32.561271,-83.153997,2,0.5091628643255367,32.556799690909095,-83.1527655
84,32.562264,-83.164883,2,1.2892930639493243,32.556799690909095,-83.1527655
85,32.561756,-83.155365,2,0.6014170875667213,32.556799690909095,-83.1527655
86,32.56217,-83.156409,2,0.6868516823363935,32.556799690909095,-83.1527655
87,32.554308,-83.14328,2,0.9327372496226105,32.556799690909095,-83.1527655
88,32.561593,-83.153856,2,0.5413379336321393,32.556799690909095,-83.1527655
89,32.554274,-83.143158,2,0.9447982009010638,32.556799690909095,-83.1527655
90,32.562665,-83.157814,2,0.8049058693297174,32.556799690909095,-83.1527655
91,32.56322,-83.165803,2,1.4163704165111168,32.556799690909095,-83.1527655
92,32.562974,-83.154594,2,0.7059155152916159,32.556799690909095,-83.1527655
93,32.553765,-83.141323,2,1.126132426198061,32.556799690909095,-83.1527655
94,32.540535,-83.185066,4,0.39579471082557466,32.5429105,-83.1882106875
95,32.553731,-83.141201,2,1.1381939517691737,32.556799690909095,-83.1527655
96,32.560154,-83.176263,2,2.2171895068224785,32.5429105,-83.1882106875
97,32.563676,-83.155466,2,0.8036279304903409,32.556799690909095,-83.1527655
98,32.554458,-83.140782,2,1.155047364587349,32.556799690909095,-83.1527655
99,32.562725,-83.172452,2,1.9621465113560956,32.556799690909095,-83.1527655
100,32.564903,-83.157137,2,0.987968147480081,32.556799690909095,-83.1527655
101,32.535482,-83.18518,4,0.8715984005088646,32.5429105,-83.1882106875
102,32.564264,-83.170477,2,1.8579405637803619,32.556799690909095,-83.1527655
103,32.553916,-83.138825,2,1.347768658732868,32.556799690909095,-83.1527655
104,32.539733,-83.187304,4,0.36251961382477543,32.5429105,-83.1882106875
105,32.543741,-83.135719,1,0.9589735963535145,32.53844542105262,-83.12764815789474
106,32.56604,-83.158069,2,1.139351013146717,32.556799690909095,-83.1527655
107,32.552437,-83.137019,2,1.556034817878766,32.556799690909095,-83.1527655
108,32.55226,-83.136327,2,1.6239112411402388,32.556799690909095,-83.1527655
109,32.552672,-83.135854,2,1.652969195626914,32.556799690909095,-83.1527655
110,32.541156,-83.189712,4,0.24029980740377616,32.5429105,-83.1882106875
111,32.541782,-83.189815,4,0.19588608674350322,32.5429105,-83.1882106875
112,32.541975,-83.189843,4,0.1851269755924346,32.5429105,-83.1882106875
113,32.55287,-83.135529,2,1.6764775932561422,32.556799690909095,-83.1527655
114,32.532056,-83.137573,1,1.1710336520767277,32.53844542105262,-83.12764815789474
115,32.542234,-83.133674,1,0.7049213433546084,32.53844542105262,-83.12764815789474
116,32.553085,-83.135381,2,1.6839109046756067,32.556799690909095,-83.1527655
117,32.544264,-83.132996,1,0.8177453516933366,32.53844542105262,-83.12764815789474
118,32.553483,-83.134905,2,1.7172979465388631,32.556799690909095,-83.1527655
119,32.553751,-83.134581,2,1.7410166691923297,32.556799690909095,-83.1527655
120,32.532224,-83.135976,1,1.0430852692654895,32.53844542105262,-83.12764815789474
121,32.532433,-83.135462,1,0.9916471683836422,32.53844542105262,-83.12764815789474
122,32.56905,-83.16842,0,2.001716116542658,32.556799690909095,-83.1527655
123,32.554309,-83.133934,2,1.790072542540618,32.556799690909095,-83.1527655
124,32.531872,-83.135286,1,1.0228393229873545,32.53844542105262,-83.12764815789474
125,32.554449,-83.13378,2,1.8020515477292085,32.556799690909095,-83.1527655
126,32.537833,-83.191729,4,0.6529007842472965,32.5429105,-83.1882106875
127,32.542151,-83.192716,4,0.43149534593821837,32.5429105,-83.1882106875
128,32.541149,-83.131406,1,0.4631361469227134,32.53844542105262,-83.12764815789474
129,32.532407,-83.134487,1,0.9279787220690916,32.53844542105262,-83.12764815789474
130,32.551413,-83.131887,2,1.4921584726556958,32.53844542105262,-83.12764815789474
131,32.566618,-83.178088,0,1.631448695431764,32.57492572549018,-83.19242633333332
132,32.551151,-83.13094,2,1.4425309475135613,32.53844542105262,-83.12764815789474
133,32.567277,-83.179166,0,1.5066366422835147,32.57492572549018,-83.19242633333332
134,32.539962,-83.194991,4,0.7159297617660701,32.5429105,-83.1882106875
135,32.572606,-83.167575,0,2.2375737505794016,32.556799690909095,-83.1527655
136,32.558251,-83.13175,2,1.9802616266760595,32.556799690909095,-83.1527655
137,32.537686,-83.128344,1,0.10660738972371234,32.53844542105262,-83.12764815789474
138,32.570546,-83.178198,0,1.421599921122362,32.57492572549018,-83.19242633333332
139,32.537381,-83.127007,1,0.13251795127174412,32.53844542105262,-83.12764815789474
140,32.54665,-83.12515,1,0.9396306482890141,32.53844542105262,-83.12764815789474
141,32.572321,-83.177598,0,1.4220288780084445,32.57492572549018,-83.19242633333332
142,32.55997,-83.129888,3,1.804850157038946,32.56453829268292,-83.111442097561
143,32.575454,-83.160987,0,2.208079028559443,32.556799690909095,-83.1527655
144,32.560594,-83.129142,3,1.7188149319794557,32.56453829268292,-83.111442097561
145,32.55239,-83.199532,4,1.4952879504653855,32.5429105,-83.1882106875
146,32.574621,-83.175685,0,1.572356307027137,32.57492572549018,-83.19242633333332
147,32.574033,-83.177643,0,1.3916693798658306,32.57492572549018,-83.19242633333332
148,32.54316,-83.12303,1,0.6793644503729411,32.53844542105262,-83.12764815789474
149,32.53601,-83.12255,1,0.5498166452237989,32.53844542105262,-83.12764815789474
150,32.575202,-83.17972,0,1.1935004487407668,32.57492572549018,-83.19242633333332
151,32.569969,-83.189499,0,0.6145838569134441,32.57492572549018,-83.19242633333332
152,32.575271,-83.180377,0,1.132063036201265,32.57492572549018,-83.19242633333332
153,32.568224,-83.131895,3,1.963693172942235,32.56453829268292,-83.111442097561
154,32.570592,-83.189752,0,0.5422505938123869,32.57492572549018,-83.19242633333332
155,32.575409,-83.181694,0,1.0091741952261712,32.57492572549018,-83.19242633333332
156,32.574756,-83.139976,3,2.325458870976495,32.556799690909095,-83.1527655
157,32.57598,-83.18165,0,1.0186104610846107,32.57492572549018,-83.19242633333332
158,32.572916,-83.134328,3,2.3413264862929464,32.56453829268292,-83.111442097561
159,32.553397,-83.204514,4,1.9228364197363532,32.5429105,-83.1882106875
160,32.557289,-83.203473,4,2.1441670462814066,32.5429105,-83.1882106875
161,32.570678,-83.129748,3,1.8489704254358825,32.56453829268292,-83.111442097561
162,32.578836,-83.18194,0,1.0758914304648732,32.57492572549018,-83.19242633333332
163,32.57882,-83.18256,0,1.0221317266860783,32.57492572549018,-83.19242633333332
164,32.572024,-83.194353,0,0.36916172506976463,32.57492572549018,-83.19242633333332
165,32.576111,-83.189531,0,0.30197466135932965,32.57492572549018,-83.19242633333332
166,32.564926,-83.12123,3,0.920180906813794,32.56453829268292,-83.111442097561
167,32.584067,-83.165446,0,2.7285955631517487,32.57492572549018,-83.19242633333332
168,32.56461,-83.12075,3,0.8741370752972656,32.56453829268292,-83.111442097561
169,32.572276,-83.196277,0,0.46592319577481706,32.57492572549018,-83.19242633333332
170,32.575857,-83.131657,3,2.2757234104105524,32.56453829268292,-83.111442097561
171,32.576606,-83.191112,0,0.22350030251777836,32.57492572549018,-83.19242633333332
172,32.572677,-83.196451,0,0.4527793972774299,32.57492572549018,-83.19242633333332
173,32.576167,-83.192436,0,0.13765652608394827,32.57492572549018,-83.19242633333332
174,32.575642,-83.130306,3,2.157334524202636,32.56453829268292,-83.111442097561
175,32.535643,-83.113675,1,1.3489022388521483,32.53844542105262,-83.12764815789474
176,32.577003,-83.193557,0,0.2536507737835148,32.57492572549018,-83.19242633333332
177,32.575794,-83.195711,0,0.3231057554045129,32.57492572549018,-83.19242633333332
178,32.576705,-83.194955,0,0.3087226064044973,32.57492572549018,-83.19242633333332
179,32.536037,-83.11147,1,1.5430347077080628,32.53844542105262,-83.12764815789474
180,32.551413,-83.110663,3,1.4573885577158017,32.56453829268292,-83.111442097561
181,32.566614,-83.207149,0,1.6616044534235384,32.57492572549018,-83.19242633333332
182,32.535947,-83.110216,1,1.6608168500275378,32.53844542105262,-83.12764815789474
183,32.577141,-83.197318,0,0.5208870849618827,32.57492572549018,-83.19242633333332
184,32.579323,-83.129377,3,2.3504210156224827,32.56453829268292,-83.111442097561
185,32.543871,-83.108959,1,1.855790154192299,32.53844542105262,-83.12764815789474
186,32.576235,-83.198939,0,0.6285273179790003,32.57492572549018,-83.19242633333332
187,32.574828,-83.200801,0,0.7864459301743959,32.57492572549018,-83.19242633333332
188,32.574446,-83.201739,0,0.8760670014562636,32.57492572549018,-83.19242633333332
189,32.574098,-83.202328,0,0.9342787008610202,32.57492572549018,-83.19242633333332
190,32.57709,-83.124681,3,1.8662770399020274,32.56453829268292,-83.111442097561
191,32.575439,-83.201568,0,0.8602738918119273,32.57492572549018,-83.19242633333332
192,32.576908,-83.200883,0,0.8239287319418603,32.57492572549018,-83.19242633333332
193,32.57766,-83.200108,0,0.7824323858881101,32.57492572549018,-83.19242633333332
194,32.573942,-83.204276,0,1.1180102704006498,32.57492572549018,-83.19242633333332
195,32.570115,-83.208066,0,1.562484187149179,32.57492572549018,-83.19242633333332
196,32.575637,-83.203682,0,1.0598283344943689,32.57492572549018,-83.19242633333332
197,32.576327,-83.203109,0,1.0150470318135607,32.57492572549018,-83.19242633333332
198,32.571125,-83.208358,0,1.5542376422788031,32.57492572549018,-83.19242633333332
199,32.571659,-83.208505,0,1.552648711971629,32.57492572549018,-83.19242633333332
200,32.575917,-83.204591,0,1.1475184588693437,32.57492572549018,-83.19242633333332
201,32.578034,-83.20246,0,1.0032101961933981,32.57492572549018,-83.19242633333332
202,32.577871,-83.203111,0,1.055089412615788,32.57492572549018,-83.19242633333332
203,32.576363,-83.205036,0,1.1947027128727608,32.57492572549018,-83.19242633333332
204,32.55526,-83.105659,3,1.1634756203902872,32.56453829268292,-83.111442097561
205,32.585895,-83.191742,0,1.218155609107899,32.57492572549018,-83.19242633333332
206,32.578636,-83.202978,0,1.0728089732710582,32.57492572549018,-83.19242633333332
207,32.554847,-83.105181,3,1.2250725931328221,32.56453829268292,-83.111442097561
208,32.555776,-83.105105,3,1.139479566554519,32.56453829268292,-83.111442097561
209,32.554417,-83.104693,3,1.2890208225407502,32.56453829268292,-83.111442097561
210,32.556314,-83.104771,3,1.106499902491901,32.56453829268292,-83.111442097561
211,32.578451,-83.20461,0,1.2089631941320524,32.57492572549018,-83.19242633333332
212,32.577076,-83.206755,0,1.3663964037099168,32.57492572549018,-83.19242633333332
213,32.554511,-83.103651,3,1.3311321508743152,32.56453829268292,-83.111442097561
214,32.553113,-83.103201,3,1.4847158816904287,32.56453829268292,-83.111442097561
215,32.57876,-83.20525,0,1.2769736620723786,32.57492572549018,-83.19242633333332
216,32.556297,-83.10363,3,1.1719790339393512,32.56453829268292,-83.111442097561
217,32.555448,-83.103391,3,1.2601344573753392,32.56453829268292,-83.111442097561
218,32.553645,-83.102648,3,1.463368077299519,32.56453829268292,-83.111442097561
219,32.554697,-83.102509,3,1.3765596471955028,32.56453829268292,-83.111442097561
220,32.560359,-83.101443,3,1.0471804736380612,32.56453829268292,-83.111442097561
221,32.56119,-83.101645,3,0.9921603223127725,32.56453829268292,-83.111442097561
222,32.565811,-83.103749,3,0.7361079850604042,32.56453829268292,-83.111442097561
223,32.56039,-83.100477,3,1.1278375146403983,32.56453829268292,-83.111442097561
224,32.5849,-83.11916,3,2.371494660391128,32.56453829268292,-83.111442097561
225,32.576791,-83.10902,3,1.3776905157060133,32.56453829268292,-83.111442097561
226,32.564314,-83.100911,3,0.9892849688855866,32.56453829268292,-83.111442097561
227,32.57995,-83.111798,3,1.709436854367727,32.56453829268292,-83.111442097561
228,32.56127,-83.099491,3,1.1794144976599157,32.56453829268292,-83.111442097561
229,32.577528,-83.109308,3,1.4543900214352732,32.56453829268292,-83.111442097561
230,32.576639,-83.108533,3,1.369452702355143,32.56453829268292,-83.111442097561
231,32.562048,-83.099575,3,1.148157289318519,32.56453829268292,-83.111442097561
232,32.563984,-83.100397,3,1.0390635149777947,32.56453829268292,-83.111442097561
233,32.5617,-83.099013,3,1.2089241064182241,32.56453829268292,-83.111442097561
234,32.563527,-83.099718,3,1.1067083214363276,32.56453829268292,-83.111442097561
235,32.562853,-83.098677,3,1.2132574206869824,32.56453829268292,-83.111442097561
236,32.562492,-83.098131,3,1.2704843591829946,32.56453829268292,-83.111442097561
